21	22	24	32	46	47	65	77	79	126	136	152	153	205	216	221	232	246	262	310	327	334	345	393	415	424	436	446	458	499	522	523	535	561	578	591	595	600	601	603	616	662	684	695	730	736	738	756	783	797	815	833	860	885	907	919	925	967	972	979	997	
111	131	194	195	199	203	207	211	227	234	235	237	238	239	451	495	707	747	751	
111	131	193	194	195	199	203	207	227	231	234	235	237	238	239	255	451	491	495	707	747	751	767	
67	107	111	131	171	193	194	195	199	203	211	227	231	233	234	235	239	255	451	491	707	751	
67	111	131	171	175	193	194	195	203	211	227	231	233	234	235	237	239	251	255	451	491	707	747	751	
67	107	111	131	175	193	194	195	199	203	207	211	227	231	233	234	235	239	255	451	491	495	707	747	751	
67	107	111	131	175	193	194	195	199	203	207	211	227	231	234	235	238	239	255	491	707	747	751	
67	107	110	111	131	171	175	193	194	195	199	203	207	211	227	231	233	234	235	237	238	239	251	255	451	495	707	747	751	
67	107	111	131	171	175	193	194	195	199	203	207	211	227	231	234	235	237	238	239	251	255	451	491	495	707	747	751	
67	107	111	131	171	193	195	203	207	211	227	231	233	234	235	237	238	239	491	495	707	
67	107	111	131	175	194	195	199	203	207	211	233	234	235	237	239	451	483	495	707	747	
67	107	111	131	175	193	194	195	199	203	207	211	227	231	235	238	239	255	451	491	707	751	
67	107	111	131	193	194	195	199	203	207	211	227	233	234	235	238	239	255	451	491	495	707	747	
67	107	111	131	171	175	193	194	195	199	203	207	227	231	235	237	238	239	251	451	491	495	707	751	
107	131	171	175	193	194	195	199	203	207	211	235	237	238	239	451	491	707	751	
67	107	131	171	193	194	195	199	203	211	227	231	233	234	235	237	239	251	255	495	707	747	
67	107	111	171	175	193	194	195	199	203	207	211	227	234	235	237	238	239	251	255	491	495	707	
67	107	131	171	175	193	194	195	199	203	211	227	231	233	234	235	237	238	239	255	451	491	495	707	751	
67	107	131	171	175	193	194	195	199	203	211	227	231	233	234	235	238	239	251	255	451	491	495	707	747	751	
67	107	111	131	171	175	193	194	195	199	203	211	227	231	233	234	235	238	239	255	451	491	495	707	751	
67	107	131	171	175	193	194	195	199	203	211	227	231	233	235	237	238	239	255	451	495	707	751	
67	107	131	175	193	194	195	199	203	207	211	227	231	233	235	237	238	239	451	491	495	707	751	
111	131	171	193	194	195	199	203	207	211	227	231	233	234	235	239	451	491	495	707	751	
67	107	131	171	193	195	199	203	207	211	227	231	234	235	237	239	255	451	491	495	707	747	751	
67	107	111	131	175	193	195	199	203	207	211	227	231	234	235	237	238	239	255	491	495	707	
67	111	131	171	175	193	194	195	199	203	207	211	227	231	234	235	237	238	239	255	451	495	707	751	
67	131	171	175	194	195	199	203	211	227	231	234	235	237	239	451	707	751	
67	111	131	171	175	193	194	195	199	203	207	211	227	234	235	237	238	239	251	255	451	491	495	747	
111	171	175	193	194	195	199	203	207	211	227	231	234	235	237	238	239	251	255	451	491	495	707	715	747	
107	111	163	171	193	194	195	199	203	207	211	227	233	235	238	239	251	255	451	707	751	
67	131	171	193	194	195	199	203	207	211	227	231	233	234	235	237	238	239	251	255	451	707	751	
67	131	175	193	194	195	199	203	207	211	227	231	235	237	238	239	255	451	495	707	719	747	751	
171	175	193	194	195	199	203	227	231	233	235	237	238	239	451	495	707	751	
67	131	171	175	194	195	203	207	211	227	231	233	234	235	237	238	239	251	255	451	491	707	747	
67	111	131	195	203	207	211	227	231	233	234	235	237	238	239	251	255	491	495	707	747	751	
67	111	131	171	175	193	194	195	203	207	211	227	231	234	235	237	238	239	251	255	451	491	707	751	
67	107	131	171	175	193	194	195	199	203	207	211	227	231	233	235	237	238	239	251	255	451	491	707	747	751	
67	111	131	175	193	194	195	199	203	211	227	231	233	235	238	239	251	255	451	491	495	707	
67	107	111	131	175	194	195	199	211	227	231	233	234	235	238	239	251	451	491	495	707	747	751	
67	107	111	131	175	193	194	195	199	203	207	211	227	231	234	235	237	238	239	255	491	495	707	747	751	
67	131	175	193	194	195	199	203	207	211	227	231	234	235	237	238	239	251	255	451	491	495	707	751	
67	107	111	131	171	193	194	195	199	203	211	227	231	233	234	235	237	238	239	251	451	495	707	747	751	
67	107	111	175	193	194	195	199	203	207	211	227	231	234	235	237	238	239	251	255	451	495	751	
67	111	175	194	195	203	207	211	227	231	233	234	235	237	238	239	251	451	491	495	707	747	751	
67	107	131	194	195	199	203	207	211	227	231	233	235	237	238	239	255	451	491	495	707	751	
111	131	175	193	194	195	199	203	207	211	227	231	234	235	237	238	239	251	491	707	747	751	
111	131	171	175	193	194	195	199	203	207	211	227	231	233	234	235	237	238	239	251	255	451	491	495	707	747	751	
111	175	193	194	195	199	203	207	211	227	231	233	235	237	238	239	251	255	451	495	707	747	751	
67	107	111	131	171	175	193	194	195	199	203	207	227	231	233	235	237	238	239	255	451	491	495	707	747	751	
67	107	131	171	175	193	195	199	203	207	227	231	233	235	239	251	255	451	491	495	751	
67	131	171	175	193	195	199	203	207	211	227	231	233	234	235	237	238	239	251	451	491	495	751	
67	111	131	170	171	175	193	194	195	199	203	211	227	231	234	235	237	238	239	251	255	451	491	495	707	751	
67	131	193	194	195	199	203	207	211	227	231	234	235	237	239	251	255	451	491	495	707	751	
67	131	171	195	199	203	207	211	227	231	234	235	237	238	239	255	451	707	747	751	
67	107	131	171	175	193	194	195	199	203	207	211	227	233	234	235	237	238	239	251	255	451	491	495	706	707	751	
67	107	111	131	171	175	193	194	195	199	203	207	211	227	231	234	235	237	238	239	251	451	491	495	707	747	751	
67	107	111	131	175	193	194	195	199	203	211	227	231	234	235	238	239	251	451	495	707	747	751	
67	107	111	171	175	193	194	195	199	203	207	211	227	231	233	234	235	239	251	255	451	495	707	751	
67	107	111	131	171	175	193	194	195	199	203	207	211	227	231	235	237	238	239	251	255	451	491	707	
67	107	111	131	193	194	195	199	203	207	211	219	227	231	235	237	238	239	255	451	491	495	707	747	751	
67	111	131	175	193	194	195	199	203	211	219	227	231	233	235	238	239	251	451	491	495	707	747	751	
67	111	131	175	193	194	195	203	211	227	233	234	235	237	239	255	451	491	707	747	751	
67	107	111	131	175	194	195	199	203	207	211	227	231	233	234	235	237	239	255	451	491	707	747	751	
67	107	111	175	193	194	195	199	203	207	211	227	231	233	235	237	238	239	255	451	491	495	707	747	
67	131	175	193	194	195	203	207	211	227	233	235	238	239	451	491	495	707	747	751	
67	107	131	171	175	193	194	195	199	203	211	227	233	234	235	238	239	251	255	451	491	707	747	
67	107	111	131	171	193	194	195	199	203	207	227	233	234	235	237	238	239	251	255	451	491	707	751	
67	107	111	131	171	175	193	194	195	199	203	207	211	227	234	235	237	238	239	491	707	747	751	
67	131	193	194	195	199	203	207	211	227	231	233	234	235	238	239	255	451	495	707	747	751	
67	107	131	175	193	194	195	199	203	211	227	231	233	235	237	238	239	251	255	451	491	495	707	751	
67	107	131	171	193	194	195	199	203	211	227	231	234	235	238	239	251	255	491	707	751	
67	107	111	131	171	193	195	199	203	207	211	227	233	234	235	237	238	239	255	451	495	707	747	751	
67	107	111	131	171	193	194	195	199	203	207	211	227	233	234	235	237	239	255	451	747	751	
67	107	131	171	175	193	194	195	199	203	207	211	227	231	233	234	235	237	238	239	251	255	451	495	707	751	
67	107	131	175	193	194	195	199	203	207	211	227	231	233	234	235	237	239	251	255	451	491	495	707	751	
67	107	111	131	171	174	175	193	194	195	199	203	207	211	227	233	234	235	237	238	239	255	451	495	707	747	751	
67	107	111	131	171	175	193	194	195	203	207	211	227	231	234	235	238	239	251	255	451	495	707	747	751	
67	107	111	131	193	194	195	207	211	227	231	234	235	237	238	239	251	491	495	707	751	
107	111	131	193	194	195	199	203	207	211	227	231	233	234	235	238	239	251	451	491	495	707	751	
67	107	131	171	193	194	195	199	203	207	211	227	231	233	234	235	237	239	251	255	451	491	495	707	747	751	
67	131	171	193	194	195	199	203	207	211	227	233	234	235	237	238	239	255	451	491	495	707	747	751	
111	131	175	193	195	199	203	207	211	227	231	234	235	237	239	243	255	451	707	747	751	
67	111	131	171	175	193	194	195	199	203	207	211	227	234	235	237	239	243	255	451	495	707	747	751	
67	107	111	131	171	193	194	195	199	203	211	227	231	235	237	238	239	255	451	491	495	707	747	751	
107	111	171	175	193	194	195	199	203	207	211	227	231	235	237	238	239	251	255	451	491	495	707	747	
67	107	111	131	175	193	194	195	199	203	207	211	227	231	233	235	237	239	255	451	495	707	751	
67	107	111	131	175	195	199	203	207	211	231	233	235	238	239	255	451	495	707	747	751	
67	107	111	131	171	175	193	194	195	199	203	207	211	227	231	234	235	237	238	239	255	451	491	747	751	
67	107	111	131	171	175	193	194	195	199	203	211	227	234	235	238	239	451	491	495	747	751	
67	107	109	111	131	171	194	195	199	203	211	227	231	234	235	237	238	239	255	451	491	495	707	747	751	
67	109	111	131	171	194	195	203	207	211	227	233	234	235	237	238	239	251	491	495	747	751	
67	131	175	194	195	203	211	227	231	233	234	235	239	255	451	495	707	747	751	
67	107	111	131	175	193	194	195	203	207	211	227	231	233	235	237	239	251	707	747	
111	131	193	194	195	199	203	211	227	231	233	235	237	238	239	255	451	491	495	707	751	
111	131	193	194	195	199	203	211	227	231	233	235	237	238	239	251	255	451	491	495	707	747	751	
67	107	111	175	193	194	195	199	203	207	211	227	231	233	234	235	237	239	251	255	451	459	707	747	751	
67	111	131	171	193	194	195	199	203	211	227	231	235	237	239	251	255	451	491	495	707	751	
67	107	131	175	193	194	195	203	207	227	231	234	235	237	238	239	251	255	451	491	495	707	751	
107	111	131	175	193	194	195	203	227	231	233	234	235	237	238	239	251	255	367	451	491	495	707	751	
67	107	111	131	193	194	195	199	203	207	211	227	231	233	235	237	238	239	251	255	451	495	707	747	751	
67	107	131	193	194	195	199	203	207	211	227	231	235	237	238	239	251	451	491	747	751	
67	107	171	175	193	194	195	199	203	207	211	227	234	235	237	239	451	495	707	751	
67	131	171	175	193	194	195	199	203	211	227	231	235	237	238	239	451	491	495	707	751	
67	111	131	171	175	193	194	195	199	203	207	211	227	231	233	235	237	238	239	251	451	491	707	
67	111	131	171	175	193	194	195	203	207	211	227	231	233	235	237	238	239	251	255	451	495	707	
67	111	131	171	175	193	194	195	199	203	207	211	227	231	235	237	239	251	255	451	491	495	707	747	
67	107	111	171	175	193	194	195	199	203	207	211	227	235	238	239	255	451	491	495	707	751	
67	111	131	171	194	195	199	203	207	211	227	231	233	235	237	238	239	451	491	495	707	747	751	
67	107	111	131	171	175	193	194	195	199	203	207	211	227	231	233	235	237	238	239	251	255	451	491	707	747	
67	111	131	171	175	193	194	195	199	203	207	211	219	227	231	233	234	235	237	238	239	251	255	707	747	
67	107	131	175	193	194	195	199	203	207	211	227	233	234	235	237	238	239	251	255	451	491	495	707	747	
67	107	131	171	175	193	194	195	199	203	207	211	227	231	233	234	235	237	238	239	255	451	491	495	707	747	751	
67	107	131	193	194	195	199	203	207	211	227	233	234	235	237	238	239	251	255	451	495	707	751	
67	107	111	131	193	194	195	199	203	207	211	227	231	233	235	238	239	251	255	451	491	707	747	751	
107	111	131	171	175	193	194	195	199	203	207	227	231	233	235	238	239	255	451	491	495	707	747	751	
111	131	193	194	195	199	207	211	227	231	233	235	237	238	239	255	451	491	495	707	747	
67	111	131	171	193	194	195	199	207	211	227	231	233	235	238	239	251	255	451	491	495	707	747	751	
67	107	111	131	175	193	195	199	203	211	231	234	235	237	239	251	255	451	491	495	707	747	751	
67	107	111	131	175	193	194	195	199	203	207	211	227	231	234	235	239	255	451	707	751	
67	107	111	171	175	193	194	195	199	203	207	211	227	231	233	235	237	239	255	451	491	495	707	751	
67	107	111	131	175	193	194	195	199	203	207	227	231	233	235	237	239	251	255	451	491	495	707	747	
67	83	107	111	131	171	175	193	194	195	199	203	207	211	227	231	234	235	237	238	239	251	451	491	495	707	751	
67	83	107	111	131	171	193	194	195	199	203	207	211	227	234	235	237	239	251	255	491	495	707	751	
67	107	111	131	175	193	194	195	199	203	207	211	227	231	234	235	237	238	239	451	491	495	707	
67	107	111	131	175	193	194	195	199	203	207	211	227	231	234	235	237	239	251	255	451	491	495	707	
67	107	111	131	175	193	194	195	199	203	207	211	227	233	235	237	238	239	451	491	495	747	751	
67	107	111	131	175	193	194	195	199	203	207	211	227	233	234	235	237	239	255	451	491	495	707	747	751	
67	107	111	131	175	193	194	195	199	203	207	211	227	231	234	235	237	238	239	451	495	707	747	751	
67	111	131	171	175	193	194	195	199	203	207	211	227	231	235	237	238	239	251	255	451	491	707	747	
67	110	111	131	171	193	194	195	199	203	211	227	231	233	234	235	237	238	239	255	491	495	707	747	
107	111	131	171	175	193	194	195	199	203	211	227	231	235	237	238	239	251	255	451	491	495	707	747	751	
131	171	175	193	194	195	199	203	207	211	227	231	233	235	237	238	239	255	451	491	707	
67	131	171	175	193	194	195	199	203	207	211	227	231	233	235	239	255	491	495	707	
67	107	131	175	193	194	195	199	203	207	211	225	227	233	234	235	237	238	239	251	255	451	491	707	747	
67	107	111	171	175	193	194	195	203	207	211	227	233	234	235	237	238	239	251	255	451	491	495	707	747	751	
67	107	111	131	163	175	193	194	195	199	203	207	211	227	233	234	235	237	238	239	251	255	451	707	
67	107	111	131	163	175	193	194	195	199	203	207	211	227	231	233	234	235	237	238	239	251	255	451	491	495	707	
67	111	131	171	175	193	194	195	203	211	227	231	233	234	235	237	238	239	251	255	451	491	495	707	747	
67	111	131	171	193	194	195	199	203	211	227	233	234	235	237	238	239	251	255	451	491	495	707	751	
107	111	131	171	175	193	194	195	199	203	207	211	227	231	233	235	238	239	251	255	451	495	707	747	751	
67	107	131	171	175	193	194	195	203	211	227	234	235	237	238	239	255	451	707	747	751	
67	107	131	194	195	199	203	207	211	227	231	233	235	237	238	239	451	491	495	707	747	
67	111	131	171	175	193	195	199	203	207	211	227	233	235	237	238	239	451	491	495	707	747	
67	107	111	131	175	193	194	195	199	203	207	211	227	233	234	235	237	238	239	255	451	491	495	707	747	
67	111	131	171	175	193	194	195	199	207	211	227	231	233	235	237	238	239	255	451	491	495	707	747	
107	131	171	175	193	194	195	199	203	207	211	227	231	234	235	237	238	239	251	255	451	707	751	
67	107	131	171	175	193	194	195	199	203	207	211	227	231	233	234	235	237	238	239	251	255	451	495	707	747	
67	111	131	194	195	199	203	207	227	233	234	235	237	239	251	451	495	707	751	
67	107	111	131	171	175	193	194	195	199	203	207	211	227	231	234	235	237	239	251	255	491	495	707	751	
67	111	131	193	194	195	199	203	207	211	227	231	233	235	238	239	255	451	491	495	707	747	751	963	
67	107	131	171	194	195	203	207	211	227	231	235	238	239	251	255	451	495	706	707	751	
67	107	111	131	171	175	193	194	195	199	203	207	211	227	234	235	237	238	239	251	255	451	491	495	707	739	747	751	
67	107	111	131	171	175	193	194	195	199	203	207	211	227	233	234	235	238	239	251	255	451	491	495	707	747	751	
67	107	111	131	193	194	195	199	203	207	211	227	234	235	237	238	239	251	255	451	491	495	707	719	747	751	
67	131	171	193	194	195	199	203	207	211	227	231	233	235	237	238	239	251	255	451	707	747	751	
67	107	111	193	194	195	199	203	211	227	234	235	237	238	239	251	451	495	707	747	
67	107	111	131	171	175	193	194	195	199	203	207	211	227	231	233	234	235	237	238	239	251	255	451	491	495	707	747	
67	111	131	175	193	194	195	199	203	207	227	233	234	235	237	238	239	251	451	491	707	747	
67	107	111	131	175	193	195	203	207	211	227	234	235	237	238	239	251	255	451	491	495	707	747	751	
67	107	131	195	199	203	207	227	231	233	234	235	238	239	251	255	451	495	707	751	
111	131	171	193	194	195	199	203	207	211	227	231	233	234	235	237	238	239	255	451	495	707	
67	107	131	171	175	193	194	195	199	203	207	211	227	233	235	238	239	251	255	451	491	495	707	751	
67	107	111	131	175	193	194	195	199	203	207	211	227	231	235	239	251	255	451	491	495	707	751	
107	131	193	194	195	199	203	211	227	231	233	235	237	238	239	255	451	495	707	751	
131	193	195	199	203	207	211	227	231	233	235	237	238	239	251	255	451	707	747	
67	107	111	131	171	193	194	195	199	203	207	211	227	231	234	235	237	238	239	255	451	491	495	707	747	751	
67	107	111	131	171	175	193	194	195	199	203	207	211	227	231	234	235	238	239	251	255	451	491	495	707	747	751	
65	131	171	175	193	194	195	203	207	211	227	233	234	235	237	238	239	251	255	451	491	751	
67	107	111	131	175	194	195	203	207	211	227	233	234	235	237	238	239	251	255	451	491	747	751	
67	107	111	131	171	193	194	195	199	202	203	207	211	227	231	234	235	237	238	239	255	451	495	707	747	
67	107	111	131	171	193	194	195	199	203	207	211	227	231	233	234	235	238	239	251	255	451	495	707	751	
67	111	131	171	193	195	199	207	211	227	231	233	234	235	237	238	239	451	491	707	747	751	
67	131	175	193	195	199	203	207	211	227	231	234	235	238	239	255	451	495	747	751	
67	107	111	131	171	193	194	195	199	203	207	211	227	231	233	234	235	237	238	239	255	451	707	747	751	
67	111	131	193	194	195	199	203	207	211	227	233	234	235	238	239	451	495	707	751	
67	111	131	193	195	199	203	211	227	233	235	237	238	239	251	255	451	495	707	747	751	
67	107	111	131	171	193	194	195	199	203	211	227	231	233	234	235	237	239	251	255	451	491	707	747	751	
107	111	131	194	195	199	203	211	227	231	234	235	238	239	255	451	495	707	747	751	
107	111	131	193	194	195	199	203	211	227	231	235	238	239	251	255	451	491	707	747	751	
107	131	171	175	193	194	195	199	203	207	211	227	231	233	234	235	238	239	255	451	491	495	707	751	
107	131	171	175	193	194	195	199	203	211	227	231	233	234	235	237	238	239	255	451	491	495	707	
67	107	111	131	171	175	193	194	195	207	227	231	233	234	235	237	238	239	255	451	491	495	707	747	
67	107	111	131	171	175	193	194	195	199	207	211	227	231	234	235	237	238	239	251	255	451	491	495	707	751	
67	107	131	171	173	175	193	194	195	199	203	211	227	233	234	235	238	239	251	491	495	747	751	
67	107	111	131	171	175	193	194	195	199	203	207	211	227	231	235	237	238	239	495	707	
67	107	111	131	171	175	193	194	195	199	203	207	211	227	234	235	238	239	251	255	451	491	707	747	
67	111	131	171	174	175	193	194	195	203	211	227	234	235	238	239	251	451	491	495	751	
107	194	195	203	207	211	227	231	235	239	451	491	495	707	747	
67	107	131	171	175	195	199	203	207	227	231	235	237	238	239	255	451	491	707	747	751	
67	131	171	193	195	203	211	227	231	233	234	235	238	239	251	495	747	751	
67	107	131	171	175	193	194	195	199	203	207	211	227	231	233	234	235	237	238	239	251	491	495	707	711	751	
67	107	111	131	193	194	195	199	203	207	211	227	233	235	237	238	239	251	255	451	495	707	747	
67	107	111	175	193	194	195	199	203	207	211	227	235	237	238	239	251	254	255	451	491	495	707	747	751	
67	107	111	131	175	193	194	195	199	203	211	227	231	233	235	237	238	239	251	255	451	491	495	707	747	
67	107	111	131	175	193	194	195	203	207	211	227	231	233	234	235	237	238	239	251	255	707	747	751	
67	107	111	131	193	194	195	199	203	207	211	227	231	234	235	239	255	451	491	495	707	747	751	
67	111	131	193	194	195	199	203	207	211	227	231	234	235	239	251	255	451	491	707	747	751	
67	107	111	131	193	194	195	199	203	207	211	227	231	234	235	238	239	251	255	451	491	495	707	751	
111	171	175	193	194	195	199	203	207	211	227	231	234	235	237	238	239	251	451	491	495	707	747	751	
67	131	171	193	194	195	199	203	207	211	227	233	234	235	237	238	239	251	451	491	495	707	747	751	
67	107	111	131	171	175	193	194	195	199	203	207	211	227	231	234	235	238	239	250	251	255	451	491	495	707	751	
