31	52	105	113	116	121	134	165	181	245	247	274	275	285	306	315	366	377	382	386	436	454	465	501	503	536	538	545	555	605	606	626	636	679	680	687	693	728	740	767	795	809	842	847	848	853	869	902	927	930	935	943	945	962	970	983	1003	1018	
77	93	269	325	329	332	333	335	341	345	349	351	365	381	461	477	845	861	
77	93	269	325	329	332	333	335	341	345	349	351	365	381	461	477	845	861	
77	269	285	325	329	332	333	335	341	345	348	349	351	365	381	461	477	845	861	
77	93	269	285	325	329	332	333	335	341	345	348	349	351	365	381	461	477	845	861	
77	93	269	285	325	329	332	333	335	341	345	348	349	351	381	461	477	845	861	
77	93	269	285	325	329	332	333	341	345	348	349	351	381	461	477	845	861	
77	93	269	285	329	332	333	335	341	345	348	349	351	381	461	477	845	861	
77	269	285	325	332	333	335	341	348	349	351	365	381	461	477	845	861	
77	269	285	325	329	332	333	335	341	343	345	348	349	351	365	381	461	845	
77	93	269	285	332	333	335	341	343	348	349	351	365	381	461	477	845	861	
77	93	269	285	325	329	332	333	335	341	345	348	349	351	365	461	477	845	861	
77	93	269	285	325	329	332	333	335	341	345	348	349	351	365	381	461	477	845	861	
77	93	269	285	325	332	333	335	341	345	348	349	351	365	381	461	477	845	861	
77	93	269	285	325	329	332	333	335	341	345	348	349	351	365	381	461	845	861	
77	93	269	285	325	329	331	332	333	341	345	348	349	351	365	381	461	477	845	861	
77	93	269	285	329	332	333	341	345	348	349	351	365	381	461	477	845	861	
77	93	269	285	325	332	333	335	341	345	347	348	349	365	381	461	477	845	861	
77	93	269	285	325	329	332	333	335	341	345	348	349	351	365	461	477	845	861	
77	93	269	285	325	332	333	335	341	345	348	349	351	365	381	461	477	845	
77	93	269	285	325	329	332	333	335	341	345	348	349	351	365	381	461	477	845	
448	521	641	648	649	651	665	704	713	832	905	960	962	964	968	976	992	
137	521	641	648	649	651	665	704	713	832	896	905	960	961	962	964	968	992	
64	128	192	194	200	256	384	385	392	400	402	448	521	641	649	651	653	665	713	905	
64	137	192	193	196	256	384	385	392	400	416	448	521	641	649	653	665	681	896	905	
24	88	104	112	120	122	124	248	376	520	536	537	540	568	600	632	664	792	
24	88	112	120	122	124	248	376	520	536	537	540	568	600	632	664	792	
308	437	569	693	788	793	809	816	817	820	821	822	824	825	827	828	829	884	889	917	933	945	948	949	951	953	957	1013	
437	569	693	788	793	809	816	817	820	821	822	824	825	827	828	829	889	917	933	945	948	949	951	953	957	
313	437	693	793	809	816	817	820	821	822	824	825	827	828	829	889	933	945	948	949	951	953	957	1013	
313	564	569	693	788	793	809	816	817	820	824	825	827	828	829	889	917	933	948	949	951	953	957	
313	437	564	569	693	788	793	809	820	821	822	824	825	827	828	829	884	917	933	945	948	949	951	953	957	1013	
308	437	569	693	793	804	809	820	822	824	825	829	884	889	917	933	945	948	949	953	957	1013	
313	437	564	569	693	793	809	816	817	820	821	824	825	828	829	884	889	917	933	945	948	949	953	957	1013	
313	437	564	569	693	788	793	809	817	820	821	822	824	825	827	828	829	884	889	933	945	948	949	951	957	1013	
308	313	569	793	804	809	816	817	820	821	824	825	828	829	889	917	933	948	949	951	953	957	1013	
308	569	693	788	793	809	816	820	821	824	825	828	829	884	889	933	945	948	949	951	957	1013	
313	405	437	564	569	693	793	809	816	820	821	822	824	825	827	829	884	889	917	933	945	949	951	953	957	1013	
308	313	405	437	564	569	693	788	793	809	816	820	821	822	824	825	827	829	884	889	917	945	948	949	951	953	957	
298	314	554	570	778	794	802	808	810	811	814	818	824	826	827	874	890	938	954	
298	314	554	570	778	794	802	808	810	811	814	818	824	826	827	830	874	890	938	954	
6	149	167	514	518	519	526	551	643	647	659	661	663	675	677	678	679	687	743	774	935	
6	135	149	167	518	519	526	643	645	647	655	659	661	663	675	677	679	686	687	711	935	
88	280	309	328	336	344	346	376	472	565	789	805	817	820	821	823	829	856	885	949	
88	280	309	328	336	344	345	348	376	472	565	789	805	820	821	829	856	885	949	
88	280	309	328	336	344	345	346	376	472	565	789	805	817	820	821	823	829	856	885	949	
24	88	309	328	336	344	345	348	376	472	565	789	805	817	820	821	823	829	856	885	949	
72	89	264	281	320	328	329	330	332	337	344	345	347	349	360	377	456	473	840	857	
72	264	281	320	328	329	330	332	344	345	347	360	377	473	857	
90	114	122	123	175	207	237	238	239	250	255	378	559	634	638	655	679	683	685	686	687	751	758	762	764	766	943	1022	
90	122	175	207	239	254	378	495	559	634	638	655	679	683	685	686	687	703	750	758	762	766	767	943	
106	122	175	207	231	238	239	250	254	495	638	655	683	685	686	687	702	734	751	758	762	764	766	767	1022	
90	106	111	122	175	207	238	239	254	495	559	634	638	655	683	685	686	687	702	703	734	751	758	762	764	766	
122	175	559	655	679	685	686	687	702	703	750	751	758	766	903	909	911	927	975	1022	
122	175	399	559	655	679	685	686	687	703	750	758	762	766	783	903	909	910	911	927	943	1022	
10	18	24	26	27	30	90	145	154	273	282	385	400	401	403	405	409	433	465	538	913	
10	18	24	26	27	30	58	154	273	282	385	400	401	403	405	409	433	465	538	913	
10	18	24	26	27	58	90	145	154	273	282	400	401	403	405	409	433	465	538	913	
10	18	24	26	27	30	58	90	145	154	273	282	385	400	401	403	405	409	433	465	538	913	
10	18	24	26	27	30	58	90	145	154	273	282	385	400	401	403	405	409	433	465	538	913	
10	18	26	27	30	58	90	145	154	273	282	385	400	401	403	405	409	433	538	913	
0	1	14	16	17	19	20	21	22	24	25	28	30	62	80	94	129	144	272	273	286	528	542	
0	1	5	14	16	17	19	20	21	22	24	25	26	28	30	31	49	62	81	94	129	144	158	272	286	528	
6	46	258	260	262	263	298	302	326	398	426	428	430	431	446	494	774	942	
46	174	258	260	262	263	270	278	294	302	326	366	390	398	426	428	430	446	494	774	942	
2	6	32	34	35	38	39	42	50	54	98	102	162	166	290	294	546	550	
2	6	32	34	35	36	38	39	42	46	50	54	98	102	162	166	290	294	546	550	
2	6	32	34	35	36	38	39	46	50	54	98	102	162	166	290	294	546	550	
2	3	6	32	34	35	36	38	39	42	46	50	54	102	162	166	290	294	546	550	
2	6	32	34	35	36	38	39	42	46	50	54	98	102	162	166	290	294	546	550	
2	6	32	34	35	36	38	39	42	46	50	54	98	102	162	166	290	294	546	550	
2	6	32	34	35	36	38	39	42	46	50	98	102	162	166	290	294	546	550	
6	32	34	35	36	38	39	42	46	50	54	98	102	162	166	290	294	546	550	
2	6	32	34	35	36	38	39	42	46	50	54	98	102	290	294	546	550	
3	6	32	34	35	36	38	39	42	46	50	54	98	102	162	166	290	294	546	550	
2	6	32	34	35	36	38	39	42	50	54	98	102	162	166	290	294	546	550	
2	6	32	34	35	36	38	39	42	46	50	54	102	162	166	290	294	546	550	
2	32	34	35	38	39	42	46	50	54	102	162	166	290	294	546	550	
2	32	34	35	36	38	39	42	46	50	54	98	102	162	166	290	294	546	550	
2	6	32	34	35	38	39	42	46	50	54	98	102	162	166	290	294	546	550	
2	6	32	34	35	36	38	39	42	46	50	54	98	102	162	166	290	294	550	
2	6	32	34	35	36	38	39	42	46	50	54	102	162	166	290	294	546	550	
2	6	32	34	35	36	38	39	42	50	54	98	102	162	166	290	294	546	550	
2	6	32	34	36	38	39	42	46	50	54	98	102	162	166	294	546	550	
2	6	32	34	35	36	38	39	42	46	50	54	98	102	162	166	290	294	546	550	
6	32	34	35	36	38	39	42	50	54	98	102	162	166	290	294	550	
2	6	32	34	35	36	38	39	46	47	50	54	98	102	162	166	290	294	544	546	550	
2	6	32	34	35	36	38	39	42	46	50	54	98	102	162	166	290	294	546	550	
2	6	34	35	36	38	39	42	46	50	54	66	98	102	162	166	290	294	546	550	
2	6	34	35	36	38	39	42	46	50	54	98	102	166	290	294	546	550	
2	34	35	36	38	39	42	46	50	54	98	102	162	290	294	546	550	
2	6	32	34	35	36	38	39	42	46	50	54	98	102	162	166	294	546	550	
2	6	32	34	35	36	38	39	42	46	50	54	98	102	162	166	290	294	546	550	
2	6	32	34	35	36	38	39	46	50	54	98	102	162	166	290	294	546	
2	6	32	34	35	36	38	39	42	50	54	98	102	162	166	290	546	550	
6	32	34	35	36	38	39	42	46	50	98	102	162	166	290	294	546	550	
2	6	32	34	35	36	38	39	42	46	50	54	98	102	162	166	290	294	546	550	
2	6	32	34	35	36	38	39	42	46	98	102	162	166	294	546	
2	6	32	34	35	36	38	39	42	46	50	54	98	102	162	166	294	546	550	
2	6	32	34	35	36	38	39	42	46	50	54	98	102	162	166	290	294	546	
2	34	35	36	38	39	42	46	50	54	98	102	166	290	294	546	550	
2	6	32	34	35	36	38	39	42	46	50	54	98	102	162	166	290	294	546	550	
2	6	34	35	36	38	39	42	46	50	54	98	102	162	166	290	294	546	550	
2	32	34	35	36	38	39	42	46	50	54	98	102	166	290	546	550	
2	6	32	34	35	36	38	39	46	50	54	98	102	162	166	290	294	546	550	
2	6	32	34	35	36	38	42	46	54	98	102	162	166	290	294	546	
2	6	32	34	35	36	38	39	42	46	50	54	98	102	162	166	290	294	546	
2	6	32	34	35	36	38	42	46	50	54	98	102	106	162	166	290	294	546	550	
2	6	32	34	35	36	38	39	42	46	50	54	98	106	162	166	290	294	546	550	
2	6	32	34	35	36	38	39	42	46	54	102	162	166	290	546	550	
2	6	32	34	35	36	38	39	42	46	50	54	98	102	162	166	290	294	546	
2	6	32	34	35	38	39	42	46	50	98	102	134	162	166	290	294	546	550	
2	6	32	34	35	36	38	39	42	46	50	54	98	102	134	162	166	288	290	294	546	550	
2	6	32	34	35	38	39	46	50	54	98	102	166	294	550	
2	6	32	34	35	36	38	39	46	50	54	102	162	166	290	294	546	550	
2	32	34	35	36	38	39	42	50	54	162	166	290	294	546	550	
2	6	34	35	36	38	46	50	54	98	102	162	166	290	294	546	550	
2	6	32	34	35	36	38	39	42	46	50	54	98	102	162	290	294	546	550	
2	6	32	34	36	38	39	42	46	50	54	98	102	162	166	290	294	546	550	
2	6	32	34	35	36	38	39	42	46	50	98	102	162	166	290	294	546	
2	6	32	34	36	38	39	42	46	50	98	162	166	290	294	546	
