1	19	8	5	2	3	1	2	1	1	1	1	3	1	4	6	1	17	1	2	1	2	6	4	2	11	1	1	1	1	4	4	1	2	5	3	1	2	2	1	5	1	8	2	2	1	1	2	1	2	6	2	7	1	9	3	1	1	2	2	2	
3	3	3	1075	2	3	1	3	4	1	527	1	1	630	1	2	1	1	3	
3	2	1	4	1087	4	1	1	1	1	2	505	1	3	644	1	1	1	1	2	1	3	1	
1	2	1	3	2	4	1	1057	5	6	2	2	3	1	1	506	635	3	3	2	6	3	
3	5	3	1	1	2	3	1075	6	3	5	2	1	1	499	2	640	1	5	2	1	1	2	2	
4	1	4	3	5	1	6	1058	1	2	1	1	3	2	1	3	534	617	1	3	1	1	3	1	1	
2	1	2	4	3	2	3	1061	2	3	1	4	2	2	1	516	1	664	1	1	2	3	2	
2	1	1	1	3	2	3	1	2	1059	1	6	1	4	4	3	1	2	505	1	1	656	1	1	3	3	2	1	1	
3	1	1	2	1	2	3	2	1050	2	3	2	3	4	1	2	519	1	1	628	2	1	2	3	2	1	2	2	
3	2	3	4	1	3	1065	1	3	1	4	1	2	1	518	1	1	656	1	1	4	
3	3	1	2	3	2	1069	3	4	3	1	3	2	531	1	651	2	1	1	1	1	
2	4	3	3	2	3	2	1058	3	1	1	3	5	1	520	2	637	1	1	1	4	1	
4	2	2	3	2	3	1062	1	1	2	3	4	1	3	514	1	635	3	3	1	3	2	1	
1	1	1	3	1	5	2	2	1070	1	6	3	5	1	519	2	2	624	1	1	2	1	4	3	
2	1	1	3	2	2	1061	2	6	2	3	521	1	1	640	2	1	3	5	
2	2	4	2	2	1	1060	1	2	2	3	1	1	1	534	2	625	1	1	2	2	1	
3	4	3	1	1	2	2	1080	1	2	1	2	1	2	533	1	1	637	1	1	1	1	3	
1	1	1	2	4	4	1	1069	4	1	2	3	3	2	1	522	1	2	646	2	2	1	1	3	2	
2	1	1	1	4	1	2	1071	2	1	3	2	2	2	2	511	2	657	1	2	4	1	1	3	1	1	
2	2	1	1	2	2	6	2	1072	2	2	4	2	1	1	2	506	5	643	1	2	2	3	3	1	
2	2	2	3	2	7	4	1059	1	3	3	3	2	2	496	1	4	644	1	1	3	5	1	
2	1	6	2	3	4	1066	1	3	2	2	4	1	1	517	1	4	648	4	1	1	2	3	
2	2	1	3	3	1063	3	5	1	3	3	2	1	2	533	623	3	2	3	3	4	
2	1	1	1	3	1060	3	4	2	1	3	1	1	520	1	644	2	3	2	2	2	1	2	
1	1	1	2	1	3	1066	4	7	1	3	1	1	2	521	1	2	650	1	1	3	1	
3	3	2	1	2	1	2	1066	3	1	1	4	1	3	2	510	1	1	638	2	4	1	3	2	
5	1	1	2	3	1036	1	2	6	2	2	1	528	1	611	7	2	2	
4	1	2	1	2	2	5	1065	1	3	1	1	3	2	514	3	4	620	1	3	3	2	3	1	
1	1	1	4	3	1066	1	2	1	3	2	2	2	518	2	5	641	1	3	2	4	3	1	1	2	
1	2	1	1	3	3	1081	1	4	3	2	4	1	510	2	643	1	2	5	2	1	
2	3	2	1	1	1066	3	3	3	2	7	1	2	1	498	1	2	654	2	2	1	4	2	
1	1	2	2	2	1067	2	1	1	1	7	3	509	1	1	654	1	2	5	3	1	1	2	
2	1	1	1	1089	4	2	7	1	1	504	1	1	654	3	4	1	1	
1	4	2	2	1	1061	2	1	2	4	5	1	4	522	1	2	632	1	2	2	1	5	1	
3	1	2	1066	2	2	5	5	5	1	2	543	1	2	626	2	2	1	2	3	1	1	
3	1	2	1	3	2	3	1048	4	2	4	3	3	2	509	1	2	650	3	1	2	2	2	2	
2	1	1	1	2	2	3	1065	1	10	2	3	4	1	1	508	1	1	646	4	1	1	4	1	1	1	
3	2	2	2	1	2	1069	2	1	2	4	2	1	534	1	636	2	1	1	2	3	2	
3	1	1	1	3	2	1065	2	1	7	1	3	1	527	4	645	2	2	3	2	2	1	1	
2	1	1	4	1	2	1	1059	1	5	1	1	4	1	1	512	1	2	634	2	3	2	2	1	2	
3	1	3	2	1	1064	1	2	2	1	5	2	1	526	2	3	652	2	2	2	1	1	6	3	
1	1	3	1	2	3	2	1065	1	2	3	5	1	1	2	506	1	2	650	3	2	2	2	2	2	
1	1	2	1	1	2	1059	2	1	3	3	3	1	1	524	2	1	658	3	2	2	1	1	
3	1	1	2	1067	2	6	1	1	1	1	1	508	3	1	638	2	2	1	1	3	1	3	
3	1	2	2	1056	3	4	4	2	4	1	4	520	3	1	649	1	3	1	1	1	1	
2	2	3	2	2	1066	3	6	3	3	6	1	1	508	1	1	633	1	3	1	1	2	
1	4	2	2	6	2	1044	1	3	2	3	3	4	1	1	518	4	1	639	1	4	1	2	2	1	2	1	
4	2	1	1	1065	1	2	1	1	1	3	1	519	3	1	644	1	1	3	1	3	3	3	
1	1	5	1	2	2	1	3	1055	1	3	1	1	3	1	522	5	1	631	2	2	1	2	5	1	2	
2	1	6	2	1	2	1073	2	5	1	1	2	3	518	639	2	1	1	3	1	1	
2	3	2	3	1	1063	4	3	1	1	1	3	4	2	515	1	1	653	2	1	1	1	2	
1	1	2	1	1	1	3	4	1049	2	2	3	2	2	4	522	2	2	640	2	2	1	3	3	2	3	
2	3	1	4	1073	1	3	1	3	3	1	1	518	3	635	1	1	2	2	2	2	1	
4	2	3	1072	1	6	1	4	4	1	1	508	1	5	646	2	2	3	2	2	
3	1	1	1	1	1	2	1070	1	3	1	4	4	1	1	520	1	2	654	1	1	4	1	1	1	1	2	
2	2	2	2	1	1	3	1	1053	4	7	1	2	5	1	2	509	2	4	653	2	1	1	1	1	2	2	
2	3	1	2	2	3	2	1043	3	6	6	1	1	1	516	4	634	4	2	1	1	1	2	
5	2	4	4	3	2	1	1065	2	2	1	1	3	3	2	3	519	625	1	1	3	2	4	2	
1	3	2	2	1	1	3	4	1046	2	4	1	3	4	5	529	1	1	640	1	2	3	1	3	
2	1	1	2	2	2	1079	3	3	2	1	1	2	1	515	1	1	649	1	2	1	1	3	1	1	
3	1	3	1	2	4	1056	4	5	4	1	3	1	1	525	1	618	1	2	1	2	7	2	3	
4	1	2	1	1	3	1086	3	2	4	2	1	504	2	646	2	4	2	5	2	1	
4	1	1	1	1	3	1079	1	2	4	3	2	1	2	2	501	3	639	1	4	2	3	1	1	
2	1	2	3	4	3	1066	1	3	1	2	6	1	3	503	1	1	652	2	1	2	2	3	2	
2	4	1	4	4	1062	3	2	2	3	2	542	1	638	1	1	3	2	1	2	
3	2	1	1	1	2	5	1091	2	2	1	2	1	3	509	1	649	2	2	1	1	1	2	
5	1	1	1	1	2	4	1068	1	2	2	1	1	1	517	1	1	646	1	3	2	1	6	2	
2	1	1	4	1	1	3	1	1068	1	1	2	3	5	2	536	1	2	631	2	3	1	2	
3	3	1	1	1054	1	7	2	4	4	1	1	3	526	3	629	2	2	1	1	1	3	
3	1	3	1	1	3	1078	3	2	1	2	2	1	515	1	1	653	1	2	2	3	1	1	1	
3	1	3	2	2	2	1066	1	3	3	6	2	4	504	2	636	1	2	3	2	3	
2	1	1	1	1	2	1063	1	3	4	4	4	3	2	493	2	3	641	1	4	1	2	2	2	
1	3	2	2	3	2	1	1062	1	6	6	3	1	1	1	506	1	660	1	4	1	2	
1	2	2	2	2	1	2	1084	2	7	1	2	1	1	1	3	504	1	2	635	1	3	4	2	1	2	
1	1	4	3	1	3	1059	3	4	1	3	1	2	1	1	527	2	620	3	3	2	2	2	3	4	
3	2	1	2	1	1	2	1	1	1081	2	3	1	2	5	1	1	513	1	1	626	1	3	5	2	2	1	
4	1	1	4	2	1	1	1	1077	3	1	2	2	1	2	511	2	651	1	1	4	4	2	1	1	
1	3	2	2	2	6	1066	5	2	5	1	2	513	2	1	632	3	3	2	4	2	
1	2	3	3	3	1063	2	2	4	5	4	1	4	1	525	2	631	1	2	3	2	3	3	
1	2	2	2	4	5	1031	4	7	2	5	7	1	1	2	507	1	629	2	2	3	3	3	2	1	1	
2	1	1	5	3	1041	2	6	2	3	11	1	2	498	4	1	618	3	3	1	2	6	1	2	
2	2	2	2	1081	1	6	2	3	1	1	1	533	1	642	1	2	2	2	2	1	
5	1	2	1	2	2	3	1070	2	5	1	3	4	3	519	1	635	1	1	3	1	3	2	2	
4	3	2	2	2	4	3	1064	3	1	1	6	2	501	4	1	651	2	1	1	1	1	1	2	
2	1	1	1	4	3	1066	2	2	1	1	4	1	538	1	2	654	2	2	3	2	2	2	2	
3	2	3	4	1	1	4	1065	3	4	1	2	1	1	1	515	2	624	1	1	3	2	1	
3	1	2	3	1	1061	4	8	1	4	1	1	497	1	655	2	2	3	4	2	1	
2	1	1	5	1	1	2	1	1063	1	5	3	3	3	1	2	521	2	4	629	2	3	2	1	3	
2	3	1	3	1	1	4	2	1055	4	4	3	3	2	507	7	650	3	1	2	1	1	
4	1	1	1	2	1	1	1050	4	6	2	2	1	1	509	4	3	648	2	1	3	6	1	1	2	
2	1	3	1	1	2	1070	4	2	1	4	2	1	532	1	1	628	1	3	1	2	3	
1	2	1	3	1087	5	1	2	1	2	3	520	654	2	1	2	2	2	2	
1	1	1	4	1	3	2	1084	2	1	1	2	3	1	512	1	644	1	2	2	
3	2	2	1	1056	4	4	5	8	3	2	508	1	2	635	1	1	1	1	2	1	
1	5	3	2	1075	1	6	3	4	2	1	533	2	3	637	1	1	5	1	1	1	1	1	
2	1	1	1	2	2	1066	3	4	2	4	3	1	2	2	517	1	635	1	1	2	1	2	1	2	
3	2	1	1	3	5	1055	2	2	4	2	2	528	1	655	1	2	6	1	2	2	1	
1	2	2	1	2	2	1074	3	2	4	1	2	504	3	3	628	1	3	2	2	1	4	2	
2	1	3	2	3	1	1064	2	6	1	4	2	512	2	2	642	1	4	1	2	1	1	5	2	
1	2	1	3	2	4	1072	3	2	1	4	1	2	3	520	2	1	637	1	1	3	1	1	2	5	
1	2	2	1	3	1053	1	4	1	2	2	2	525	1	1	644	2	5	1	2	3	
3	1	3	1	3	3	1063	6	3	1	1	4	1	522	2	649	3	2	4	3	
2	2	1	2	1	4	1067	6	2	2	2	3	520	2	1	650	2	1	1	2	2	
1	1	1	1	1	1	1	1072	2	3	1	2	3	2	1	526	2	2	624	2	2	2	2	
1	2	2	2	1	5	2	1052	3	3	2	4	2	1	517	1	2	638	2	1	5	1	4	
4	2	1	1	2	1	1	1073	2	4	2	4	4	1	502	1	627	2	2	1	1	2	2	2	
2	1	1	1	2	3	3	1056	2	3	2	5	3	522	1	642	3	3	1	1	2	1	
5	1	2	1	2	1067	2	2	2	1	1	4	1	497	1	1	658	3	2	2	1	1	2	
2	1	2	2	2	1	2	2	1070	2	2	1	2	3	4	1	520	2	1	641	3	3	2	1	2	2	
3	1	3	1	1	3	1	1063	1	2	2	2	1	5	1	1	2	517	1	1	646	2	1	1	1	
5	1	2	1	3	2	1055	2	4	2	1	3	2	2	516	1	1	637	3	1	1	1	1	1	1	
5	1	3	1	1	1	2	1057	3	2	2	1	4	1	4	2	517	2	1	647	1	1	6	1	1	1	1	
3	1	3	1	3	1042	5	5	3	3	3	2	2	519	1	2	651	3	1	2	1	3	2	
1	1	1	1	2	4	1067	1	3	2	3	1	1	2	525	3	655	2	1	2	2	3	2	1	
2	1	3	2	1	1	5	1069	1	2	1	1	1	2	509	2	651	1	2	2	2	2	3	1	
2	1	2	2	1052	1	3	5	10	2	1	522	2	1	631	3	2	1	2	7	3	
1	3	3	1	1	2	1063	1	3	2	4	1	2	513	1	646	1	3	1	2	4	4	2	1	
2	1	4	4	1	2	1072	2	2	1	3	1	517	2	650	2	1	1	1	1	1	1	1	
2	1	3	4	1	4	1	1059	1	3	3	3	2	2	1	513	643	2	3	2	2	
2	2	4	3	2	1	3	1071	2	7	2	2	3	3	2	493	2	653	1	4	1	2	6	1	
1	3	3	1	2	1	1	1064	1	5	1	3	1	1	503	2	656	1	1	3	1	3	3	3	
4	1	1	2	1	2	1	3	2	1059	4	1	3	4	3	1	4	516	2	1	642	2	2	2	1	1	1	
2	1	1	6	1	3	6	1	1055	2	1	2	5	4	2	507	2	664	1	1	1	1	2	4	
1	1	3	4	1	5	1	1081	3	10	1	1	2	2	1	509	1	1	646	1	3	2	5	
3	1	1	4	3	4	3	1072	3	4	2	1	1	1	1	523	1	644	2	2	1	1	1	1	
2	2	2	3	3	2	2	1069	2	4	5	3	4	1	494	1	1	643	2	4	3	1	1	
1	1	3	3	3	2	3	1038	3	4	1	2	3	2	4	526	3	621	2	1	3	3	2	2	2	
2	2	1	4	1	1	1	1068	3	7	1	3	2	1	1	530	1	2	650	1	1	4	1	1	
2	1	2	1	2	2	1	1067	2	3	1	4	4	1	512	1	1	645	1	2	3	2	3	3	
2	1	1	3	2	2	2	1074	3	3	6	2	3	1	1	512	2	1	625	3	1	1	1	3	
3	1	1	3	1	1	3	1062	2	1	3	3	2	515	2	1	634	1	1	2	2	3	3	2	2	
3	4	4	2	4	1066	1	1	2	1	5	3	3	519	1	2	647	2	2	1	2	
1	2	3	1	4	5	1060	1	1	2	3	5	2	2	531	652	1	1	1	3	
4	2	2	3	1	2	1056	6	4	2	3	1	4	3	1	519	3	1	635	1	2	2	2	3	1	
7	1	2	1	1	1	2	1063	3	1	4	3	1	2	503	4	1	641	2	3	1	1	1	3	1	1	
3	1	2	4	1	2	1	3	1093	2	5	1	1	3	2	1	526	1	1	633	2	1	2	2	
6	1	1	2	1	2	2	2	1076	2	3	1	3	4	3	2	1	516	2	2	618	2	1	2	2	1	2	
1	1	4	3	1	5	2	1065	3	3	6	1	4	1	511	3	1	643	1	1	1	2	1	2	1	
1	1	3	4	7	2	1059	1	3	3	5	2	1	508	5	4	652	2	1	1	1	1	1	1	
2	3	4	3	4	2	3	1062	2	6	1	4	2	1	2	505	3	638	1	3	4	1	2	2	1	
2	1	1	3	4	2	2	1075	7	2	3	1	507	2	2	647	2	3	2	2	3	
3	1	5	5	1043	1	3	2	3	4	3	3	508	1	3	644	4	2	1	3	1	
2	1	5	3	1	2	1064	1	5	1	3	3	2	500	1	4	651	5	2	2	2	1	
5	1	3	1	1	5	4	1055	3	4	2	4	3	2	1	507	1	1	644	1	5	1	2	1	2	
4	3	2	1	1	3	2	1070	2	4	4	3	1	1	498	1	1	647	4	2	1	1	2	2	
1	1	2	1	6	3	1062	3	4	1	2	5	2	1	513	3	1	648	1	2	2	3	1	
2	1	1	1	1	5	2	1056	2	5	3	2	6	3	1	2	526	2	3	619	1	1	3	1	6	1	
4	1	1	2	1069	2	4	4	5	1	2	530	1	649	1	1	1	2	2	
2	2	3	1	1	1	1	3	1066	1	4	4	3	4	1	2	508	1	656	2	1	1	3	1	1	
4	2	3	2	2	1056	3	3	1	3	2	1	1	520	5	620	4	4	2	3	3	1	2	1	
5	1	2	2	4	1066	1	1	4	3	1	517	2	652	1	3	3	2	1	9	1	
2	3	3	3	1	1	3	3	1038	3	4	1	8	4	4	520	1	1	621	3	2	1	2	1	1	1	1	2	
3	2	2	2	2	2	2	3	1043	1	3	4	4	2	1	1	499	3	664	3	1	4	2	2	2	1	2	
4	1	1	3	3	1	1038	6	6	1	3	4	2	508	1	3	647	2	2	2	1	1	3	1	1	2	
3	2	1	1	3	1043	5	6	2	5	5	1	1	506	2	3	653	1	1	4	4	2	1	
5	1	2	3	3	1063	1	1	2	5	2	513	2	4	651	1	1	3	5	2	
3	1	2	3	1	1	1	2	1060	1	1	4	2	4	1	1	1	520	1	3	633	1	1	1	2	5	5	1	
2	3	1	1	1	3	1081	6	2	1	5	2	2	511	3	1	640	2	3	2	4	2	
1	1	1	2	3	1	1063	3	2	1	2	1	526	2	1	649	1	2	3	2	1	4	1	1	
2	2	1	1076	2	3	1	2	3	1	1	534	1	645	1	1	2	2	2	1	
1	1	1	1	2	1065	1	2	4	4	4	2	3	2	508	1	1	649	2	2	1	5	
2	1	1	1	2	2	1	1078	1	3	1	1	5	1	516	1	651	1	2	2	1	2	2	1	
5	2	1	2	2	2	1	1053	1	5	1	2	7	1	517	643	1	3	1	2	2	1	2	
1	1	5	1	1070	1	3	3	3	2	2	543	3	2	625	1	1	1	2	2	
1	1	1065	3	6	1	3	1	4	1	529	1	1	635	2	2	1	2	1	
4	1	2	1	1	2	3	1061	3	3	2	2	4	3	1	521	2	1	635	3	4	1	1	2	1	2	
4	1	2	2	1	2	2	3	1042	5	5	3	3	3	3	2	512	3	642	1	2	2	1	1	1	2	5	
1	3	1	2	2	2	1060	6	2	3	4	1	2	514	3	3	644	1	2	1	1	1	
4	1	2	1	1	3	1056	8	4	1	6	1	3	511	2	1	637	1	4	1	2	3	1	
1	3	2	3	3	2	3	1058	5	1	2	3	5	2	1	3	483	2	2	654	2	3	1	4	2	
2	2	1	5	2	3	3	1057	4	2	1	3	4	1	3	4	513	3	641	2	1	2	1	2	1	
3	2	2	1	3	1058	3	1	3	3	3	3	3	521	2	3	619	1	1	3	2	1	
3	2	1	4	1070	1	3	1	4	4	1	2	534	1	645	2	3	1	1	1	
3	1	1	3	1	1	2	1066	1	2	3	1	3	1	2	2	519	1	1	642	1	1	4	1	3	
4	2	4	1	1	1053	2	2	2	2	3	2	1	529	2	645	1	2	2	2	
4	1	2	2	1053	4	7	2	2	3	539	2	1	646	3	2	2	1	1	1	1	
4	1	3	4	3	1	2	1061	2	6	2	2	1	1	1	508	2	641	2	2	4	3	2	1	1	
1	1	2	1	1072	3	2	2	2	3	2	520	1	652	1	4	1	1	1	4	
2	2	1	3	1	1066	1	3	1	3	2	515	2	649	1	2	2	2	2	2	4	
1	6	2	4	2	5	1064	4	2	4	1	3	2	2	2	516	1	608	3	3	1	1	3	1	
1	3	1	4	1	1	1068	3	4	3	3	1	3	2	504	1	2	651	1	2	2	1	3	
5	2	1	1	1	4	3	1	1054	1	4	4	1	1	531	1	2	629	1	3	1	3	2	1	
2	2	1	1	1	2	2	2	1064	4	1	2	3	4	1	525	1	1	647	2	5	1	1	5	3	1	
3	1	3	1	1	1	2	3	1076	1	7	5	3	3	2	505	3	638	1	1	2	1	2	
1	1	1	1	3	1	1	1	1050	1	3	1	3	5	1	531	1	3	643	2	2	
3	1	1	2	1	2	4	2	1084	1	2	2	1	4	2	512	1	647	1	1	3	2	1	1	
3	2	3	1	1	2	2	2	1072	1	1	3	2	517	1	641	1	2	1	4	1	
3	1	1069	3	1	1	5	5	529	628	3	2	1	2	2	
2	1	2	1	2	1048	3	2	1	7	4	535	1	1	623	1	3	1	3	1	2	
2	3	2	2	1080	5	1	4	1	1	1	529	2	641	1	3	3	1	
1	1	4	2	2	2	1	1076	1	2	3	2	2	2	1	1	510	1	2	652	2	1	3	1	1	2	
5	1	2	1	3	1	1060	3	5	2	1	4	1	520	1	1	669	1	2	1	1	5	1	
4	1	1	3	5	1	1066	2	4	2	2	5	498	1	1	666	2	1	4	2	2	1	2	2	1	
2	1	2	1	2	3	2	1059	1	8	2	3	1	3	511	2	1	655	1	1	2	2	2	1	3	
2	1	1	2	2	2	3	1060	6	4	2	4	1	2	1	498	2	3	648	1	1	2	1	1	
2	2	1	1	6	2	1064	4	4	2	4	3	1	2	530	638	2	3	1	1	2	1	2	
4	2	1	3	2	1050	3	2	3	7	5	2	2	531	647	1	2	1	2	1	1	2	
1	2	1	2	1	1	1054	5	4	1	4	4	2	1	518	1	653	1	1	2	2	2	3	2	
2	2	1	1	3	1063	1	2	1	4	4	5	2	517	2	1	647	1	5	1	3	4	1	1	
1	4	1	1	1	1061	2	3	1	1	3	2	1	517	4	1	656	2	2	2	3	3	1	1	
2	1	2	1	1	1	2	2	1078	1	3	2	4	3	1	1	501	2	638	1	1	3	3	3	1	2	2	
