5	1	1	5	2	1	1	2	1	1	1	1	1	3	2	1	2	1	2	4	1	5	2	1	4	1	2	4	1	5	1	1	7	1	2	1	8	9	1	1	3	40	3	1	1	1	1	1	9	2	18	6	3	1	1	11	13	1	
3	1	2	3	3	3	1211	2	3	6	1180	2	2	1	1	1	3	2	
2	1	3	2	5	4	1195	1	5	5	1181	3	1	4	3	3	4	5	
3	4	4	7	2	1	1189	1	5	2	3	1168	3	5	3	6	2	2	4	
1	1	2	3	5	2	4	1196	1	6	4	1	1185	1	3	3	2	2	4	4	
2	1	2	5	4	1	4	1213	4	4	2	3	1197	4	3	2	2	1	2	
3	2	1	2	2	2	1	1191	1	2	5	1197	6	5	4	2	2	1	
2	1	3	2	1	2	1197	1	3	2	2	1201	5	4	3	1	1	1	
5	2	1	2	1	1205	1	2	1	1212	4	1	6	2	3	1	2	
1	5	3	3	3	4	1210	2	4	1	2	3	1195	4	3	5	3	5	
2	5	2	4	5	1188	3	1	2	2	1189	4	3	1	2	4	4	2	
3	2	4	3	2	2	1	1189	2	4	5	3	1180	5	2	2	2	2	2	
3	1	2	3	4	4	1	1206	2	5	3	3	1181	3	1	1	2	2	2	3	
1	4	3	2	1	2	1205	3	1	3	2	1193	2	3	3	2	2	2	3	
4	4	2	2	1	1	5	1194	1	2	5	1	1181	1	1	2	4	2	4	
4	4	4	3	1	1	1	5	1163	2	5	2	1180	6	4	3	1	5	3	2	
5	3	3	6	2	5	1185	3	4	2	1166	5	3	1	4	3	2	4	
3	2	6	4	2	8	1172	2	4	3	1	7	1179	3	1	1	1	2	3	
2	1	6	3	3	2	4	1189	2	7	4	8	1190	3	3	1	1	1	3	
5	3	2	2	3	2	1195	2	2	1	3	1190	2	2	3	1	3	3	
4	2	5	2	2	2	3	1188	2	3	1	5	1185	3	3	4	4	4	3	
1	1	3	1	756	2	2	2	7	1	3	448	1	1	1	2	1	
1	2	2	1	748	2	3	1	4	1	1	4	421	1	4	2	2	1	
1	2	153	2	2	2	808	1	1	1	1	2	2	8	781	1	1	3	1	2	
1	1	193	1	1	2	760	5	1	1	1	3	2	6	748	1	3	2	1	1	
3	3	1	1	380	1	1	5	1	1	1015	1	6	5	1	1	2	6	
6	2	1	384	1	1	4	2	3	1017	1	3	4	4	1	1	2	
1	1	2	2	1	3	3	2	3	376	1	1	1	885	6	4	1	1	7	4	2	1	1	794	2	3	6	2	
2	3	2	1	2	4	1	4	389	2	1	2	897	1	3	2	7	3	1	1	4	798	2	3	3	
1	1	1	2	4	4	1	402	1	1	4	920	2	3	1	4	1	2	2	791	2	3	2	2	
1	2	1	1	1	2	1	2	3	414	6	898	2	2	3	1	1	3	2	799	2	4	1	
1	1	1	2	3	1	1	1	391	2	2	3	925	1	1	2	1	2	3	1	4	813	1	2	1	2	
1	3	2	2	4	1	2	425	1	1	907	2	2	1	3	1	2	3	805	2	1	1	
1	1	2	4	1	2	2	2	1	403	1	1	904	1	3	1	1	1	3	4	7	819	1	1	1	
2	1	1	3	2	1	3	1	2	413	6	1	1	904	1	1	2	1	1	2	2	4	799	1	1	2	
1	2	4	4	2	1	2	2	398	3	1	909	1	3	6	1	4	2	793	1	3	5	4	
2	4	3	2	2	3	1	396	4	2	900	2	1	2	3	5	2	1	805	1	4	2	
3	1	1	2	6	3	3	2	1	396	3	2	2	903	3	2	1	7	1	1	2	789	3	2	4	3	
3	4	1	2	1	4	1	2	2	1	1	391	1	1	2	894	2	3	2	14	2	5	3	789	2	3	1	
1	1	1	1	2	1	2	3	1062	3	5	3	3	1098	3	3	4	2	8	
3	3	2	1	4	1	2	1	1063	2	3	3	3	1095	2	1	3	2	1	13	
1	1	3	1	240	2	21	1	44	37	1	14	190	2	4	2	793	1	1	1	2	
1	1	1	1	82	4	136	14	1	574	1	1	4	53	1	3	393	17	2	2	1	
1	2	1	4	2	712	1	2	1	3	1	5	3	2	1069	1	1	2	3	2	
1	4	1	2	1	726	2	1	2	1	5	1	3	2	1059	1	1	4	4	
3	1	3	3	2	697	2	3	4	4	4	1	2	2	1	1045	4	1	2	3	5	
1	2	2	5	1	712	2	1	2	3	4	1	3	2	1	1054	1	2	1	2	3	
3	1	2	2	2	1068	2	3	1	2	7	1159	3	2	3	4	2	2	1	1	
2	3	2	2	1048	3	2	1	6	1169	4	2	3	3	1	
1	1	237	2	4	1	1	1	209	1	1	1	2	2	2	1	1	1	2	1	775	4	2	1	3	541	2	1	
1	287	6	1	171	3	1	1	3	1	2	1	1	3	4	2	782	1	1	2	1	480	1	5	
1	246	1	1	1	1	223	1	1	1	2	3	2	1	2	789	1	3	1	2	1	2	531	3	1	
1	2	1	238	4	2	2	230	2	1	1	1	1	4	3	2	1	796	2	2	5	1	2	1	3	499	
78	2	1	2	1	2	1	713	1	1	2	1	2	544	2	1	485	2	3	1	
82	4	2	1	3	4	3	1	710	1	1	1	1	564	1	1	2	2	458	3	3	1	
5	2	6	1203	2	4	1	1	1	3	1	3	3	1212	1	3	2	3	2	2	7	
3	2	2	1194	4	5	6	5	1	3	2	2	1221	3	1	3	4	1	1	7	
4	3	3	1195	1	1	3	1	5	2	3	3	1231	1	4	1	6	1	3	1	
1	6	1	1188	3	4	1	1	3	2	2	4	1	3	1233	6	3	1	3	1	3	4	
1	4	2	1180	3	3	1	4	5	3	1	1	6	4	1219	2	1	2	7	2	4	4	
1	2	1220	4	3	1	4	2	1	3	2	7	3	1218	3	1	3	8	6	2	
3	75	3	664	487	1	4	1	3	3	1	1	497	1	1	1	1	2	3	1	3	2	2	
1	130	1	2	621	457	1	2	2	2	3	1	2	1	450	1	2	1	1	1	1	2	2	3	1	2	
1	1	1	2	621	1	1	253	4	69	2	1	640	1	2	1	1	2	
1	1	1	3	650	1	3	3	1	289	1	1	2	47	2	1	648	2	6	1	4	
4	2	3	1185	4	1217	1	2	1	3	4	3	4	1	2	5	1	1	
2	1	1	1196	2	2	1202	2	1	1	1	1	4	4	3	2	3	4	3	3	
3	3	1	1194	2	3	1223	4	4	1	2	1	2	1	1	2	2	5	2	
4	1	2	2	1201	4	1	1232	4	2	1	1	1	1	1	1	2	4	4	2	
4	6	2	1179	2	3	1205	4	3	5	3	4	2	4	1	4	1	3	1	5	
3	4	5	1187	3	2	1206	3	4	3	2	2	3	3	3	1	2	2	3	1	
3	1	4	1189	6	5	1205	3	2	1	1	1	4	3	1	5	3	3	2	
3	4	1190	6	2	1187	3	3	2	2	4	3	4	4	1	5	1	2	1	
4	3	2	1173	2	1	1226	2	5	2	3	2	2	2	4	2	2	1	
1	2	2	1194	2	6	1232	1	2	3	3	4	3	3	1	1	7	2	2	1	
2	3	3	1192	1	4	1197	2	8	2	1	1	1	2	3	4	1	1	3	
2	3	4	1206	1	4	1233	2	4	1	2	2	2	1	2	2	3	3	4	
3	4	1190	2	1229	2	2	1	2	3	2	2	3	1	1	1	1	
3	3	1194	3	2	1199	2	4	3	3	2	3	4	2	3	4	2	3	4	
2	4	2	1193	1	1215	2	5	1	2	3	7	1	1	1	2	1	3	4	
3	4	5	1188	1	3	1192	2	2	3	2	3	7	3	3	1	3	4	1	
2	2	2	1215	5	1	1204	2	4	4	3	1	3	2	3	4	3	2	2	
2	3	3	1194	2	3	1200	3	2	4	3	2	2	3	2	3	2	4	2	
2	2	6	1189	2	1216	1	3	1	3	3	2	3	3	4	1	2	4	
4	2	3	1188	3	2	1199	1	2	1	4	3	2	3	2	3	2	2	5	5	
4	3	1184	7	5	1211	5	2	2	2	4	2	4	2	2	3	5	
2	1	4	1199	5	5	1212	2	1	1	2	2	2	4	1	4	3	3	1	1	1	
6	1	1	1181	2	4	1197	1	3	1	1	2	2	3	2	3	4	6	2	4	
5	3	1200	2	3	1207	2	4	2	1	2	1	2	2	1	4	6	3	3	4	
1	2	1201	2	3	1210	2	1	4	1	3	3	5	3	4	3	3	2	
3	1200	2	1	1216	3	2	2	1	3	3	1	1	6	3	1	3	
1	3	2	1180	5	1	1220	7	5	4	6	2	2	3	3	1	1	2	4	
1	2	5	1191	4	4	1202	4	7	3	5	4	1	1	2	1	1	1	4	3	
2	1	3	1200	3	1	1223	1	1	2	2	2	2	1	5	3	2	2	
2	2	1	1190	2	2	1223	2	5	2	1	4	4	3	3	2	2	1	
1	3	1213	3	3	1229	2	3	1	3	2	2	2	2	2	2	2	1	
4	4	3	1196	4	4	1191	2	2	1	2	3	2	4	3	1	1	4	1	1	
5	4	3	1202	2	3	1220	4	2	4	1	2	6	1	1	2	
3	3	4	1180	1	2	1200	4	1	6	1	2	3	5	4	1	3	6	1	
1	1	2	1205	4	4	1195	2	3	4	5	6	2	2	1	2	4	4	5	
2	1200	2	3	1219	1	1	4	5	1	1	5	2	2	2	3	3	
4	1	1	1184	2	3	1208	1	2	5	3	4	1	3	3	3	2	3	2	2	
7	2	1203	1	2	1201	3	2	5	1	3	3	1	3	5	1	5	1	2	
1	3	1201	2	1	1224	3	3	4	2	1	5	3	2	3	2	1	
1	1	4	1200	1	2	1215	5	2	5	2	2	6	3	4	4	1	2	3	
1	3	3	1200	1	5	1219	4	1	1	2	1	4	4	2	3	1	
2	3	2	1197	4	7	1208	2	3	4	2	1	1	3	4	2	3	4	3	
2	1	3	1194	3	2	1220	2	1	3	3	3	3	1	3	4	2	1	2	2	
3	1	3	1203	4	1	1205	3	1	3	4	2	3	1	3	5	3	2	1	2	
4	5	3	1175	6	3	1193	3	4	4	2	5	4	4	3	3	3	
1	3	2	1184	5	1	1221	1	4	2	1	1	6	1	4	5	4	1	1	
2	5	4	1182	4	1227	2	1	1	3	1	4	1	1	2	4	1	3	2	
1	2	4	1192	2	1	1205	5	1	1	3	1	4	1	1	3	1	1	4	3	4	2	
3	3	3	1199	3	1197	3	3	6	4	2	5	3	3	6	
2	2	1	1202	1	2	1228	3	5	3	3	2	3	1	2	2	2	4	
1	1	1195	2	2	1213	1	1	3	4	5	1	2	7	4	2	
2	3	1214	4	1	1234	2	1	2	2	2	1	1	1	5	3	3	
1	2	3	1184	3	5	1206	3	7	3	1	2	2	4	1	6	5	6	1	
2	3	4	1178	3	1207	3	5	3	3	5	5	2	2	1	4	2	4	2	
3	2	5	1206	4	4	1211	2	1	2	3	2	1	2	4	3	5	2	
2	4	3	1189	2	1222	2	2	2	1	2	3	4	3	6	1	
